546 381
381 -421
634 -234
-234 151
151 261
261 -337
-337 -139
659 -282
-282 -641
-641 -427
-427 -214
-214 505
505 -123
276 -104
-104 333
-423 499
-157 389
389 -554
-554 331
331 -136
-136 -270
-270 565
209 -344
-344 479
479 556
556 -640
-640 507
507 -504
-504 206
295 633
633 476
476 -409
-409 -245
-245 -241
-241 225
225 -571
-571 -302
-302 442
442 265
265 -446
-446 263
263 509
509 420
420 -555
660 465
465 482
482 -612
-612 -291
-291 417
417 -109
-109 -180
-180 190
190 -568
-568 630
630 222
222 524
524 -498
-498 -636
-636 266
266 -624
-624 -577
-577 -584
-584 161
161 192
192 506
506 -606
-606 -376
-376 564
564 -422
-422 523
523 418
418 -444
-444 637
637 -470
-470 609
609 227
227 -567
-567 303
303 -651
-258 167
167 -540
-540 521
521 -339
-339 -570
-570 285
285 -436
-436 233
233 -230
-230 667
667 -171
-171 -576
-576 -535
-535 512
512 -274
-274 114
114 -558
-558 -286
-286 500
-152 168
168 -107
-578 -669
-669 545
318 -401
-401 169
593 649
649 -551
-551 130
537 -297
-297 457
457 260
260 -283
-283 662
-461 635
635 -356
-356 604
-508 195
-188 115
115 -212
-549 131
543 -340
-340 -395
-395 603
-419 663
-81 -520
-520 359
359 -474
-590 -273
-252 287
-158 560
-301 210
210 -140
-140 443
443 377
377 211
211 615
615 -194
-194 -357
-221 121
121 -665
-665 217
217 -122
-122 -289
-289 202
-246 144
144 -312
-312 185
-165 368
368 229
229 397
397 -511
-511 -343
-343 329
329 614
614 -366
-366 -374
-374 -538
-538 431
-160 456
456 -441
-441 -351
-351 396
396 -150
-150 300
300 573
573 -647
328 639
639 -493
-493 552
552 -199
-199 553
553 514
514 -179
-179 336
336 458
458 451
451 383
383 -135
-135 445
445 666
666 477
477 -379
-379 -236
-236 510
-428 595
595 142
173 628
628 -309
-309 322
322 -439
-439 281
281 -432
-432 325
325 -596
-596 491
491 -371
-371 450
450 -373
-373 363
363 369
369 353
353 355
355 299
-271 599
599 437
437 -645
602 248
248 -279
-279 -176
-307 320
-178 360
360 -149
-149 172
172 -352
-352 348
-124 542
-132 448
448 -414
-414 -528
-528 215
215 -238
-238 -138
-138 -183
-183 413
113 -525
-525 424
-518 517
517 429
429 129
129 621
621 -544
-544 463
463 668
-315 257
257 485
485 -143
-143 -367
-367 -592
-592 -480
-480 384
384 -224
-224 472
472 -459
-459 -354
-354 375
375 -654
-654 292
292 466
466 497
497 184
184 407
407 358
358 -547
-547 294
294 -469
-469 268
268 -308
-308 162
162 -319
-319 -191
-191 -189
-189 481
-259 -204
-204 327
327 103
103 -334
-334 658
658 410
410 -382
-382 345
345 -597
-597 496
496 486
486 478
478 -631
-631 483
483 534
534 -335
-335 426
426 -207
-207 -145
-145 -116
-116 -293
-293 440
440 -516
-516 411
411 -449
232 620
-218 619
237 -332
-332 -256
-256 196
196 -341
-341 484
484 -364
-364 -166
-166 105
-548 310
-625 370
370 -438
-438 -226
-226 267
267 304
304 -561
-561 316
316 415
415 -522
-522 569
569 -231
-231 126
126 453
453 -175
-175 305
305 -661
-425 557
557 253
253 -391
-391 288
288 -350
-350 400
-134 -642
-642 -193
-193 -321
-321 664
664 563
563 -106
-106 -280
-280 -581
-581 -502
-502 626
-632 117
-314 -529
412 433
433 -490
-490 -347
-347 653
653 -617
-617 -489
-489 -346
-346 652
652 -616
-616 638
638 -430
-430 111
111 -601
146 -127
-127 454
454 -118
-118 607
148 -495
-495 -587
-587 198
198 -247
-247 -200
-200 656
-120 -254
-254 110
110 455
455 -153
-153 338
338 -242
-242 365
365 -290
-290 203
203 611
611 100
100 -164
-618 -559
-559 -313
-313 580
580 623
623 -154
-154 416
416 -205
-205 -519
-519 387
387 -311
-311 201
201 550
550 -533
-533 244
244 -452
-452 471
471 -181
-181 243
243 -526
-526 539
539 594
-405 398
398 575
575 -464
-464 147
147 -317
-317 -622
-622 -296
-296 -613
-613 585
585 -208
-208 213
213 -598
-598 -579
-579 174
174 -125
-125 408
408 -306
-306 530
530 527
527 -228
-228 249
-650 488
488 390
390 -264
-264 468
468 600
600 582
582 494
494 378
378 -644
-644 -177
-177 -255
-255 277
277 574
574 -385
-385 388
388 -583
-583 240
240 -349
-349 220
220 262
262 -182
-182 239
239 -473
-473 251
251 -467
-467 156
156 133
-361 323
