-416 154 3
-154 416 3
154 -623 3
623 -154 3
-623 -580 3
580 623 3
-580 313 3
-313 580 3
559 618 3
-618 -559 3
618 -203 3
203 -618 3
-203 290 3
-290 203 3
290 -365 3
365 -290 3
-365 242 3
-242 365 3
-338 153 3
-153 338 3
153 -455 3
455 -153 3
-455 -110 3
110 455 3
-110 254 3
-254 110 3
120 -656 3
656 -120 3
-656 200 3
-200 656 3
200 247 3
-247 -200 3
247 -198 3
198 -247 3
-198 587 3
-587 198 3
587 495 3
-495 -587 3
495 -148 3
148 -495 3
-170 402 3
-402 170 3
629 601 3
-601 -629 3
601 -111 3
111 -601 3
-111 430 3
-430 111 3
430 -638 3
638 -430 3
-638 616 3
-616 638 3
616 -652 3
652 -616 3
-652 346 3
-346 652 3
346 489 3
-489 -346 3
489 617 3
-617 -489 3
617 -653 3
653 -617 3
-653 347 3
-347 653 3
347 490 3
-490 -347 3
490 -433 3
433 -490 3
-433 -412 3
412 433 3
-412 529 3
-529 412 3
529 314 3
-314 -529 3
314 -117 3
117 -314 3
-117 632 3
-632 117 3
632 -626 3
626 -632 3
-626 502 3
-502 626 3
502 581 3
-581 -502 3
581 280 3
-280 -581 3
280 106 3
-106 -280 3
664 563 3
-563 -664 3
193 642 3
-642 -193 3
642 134 3
-134 -642 3
134 -400 3
400 -134 3
-400 350 3
-350 400 3
350 -288 3
288 -350 3
-288 391 3
-391 288 3
391 -253 3
253 -391 3
-253 -557 3
557 253 3
-557 425 3
-425 557 3
425 475 3
-475 -425 3
475 661 3
-661 -475 3
661 -305 3
305 -661 3
-305 175 3
-175 305 3
175 -453 3
453 -175 3
-453 -126 3
126 453 3
-126 231 3
-231 126 3
231 -569 3
569 -231 3
-569 522 3
-522 569 3
522 -415 3
415 -522 3
-415 -316 3
316 415 3
-316 561 3
-561 316 3
561 -304 3
304 -561 3
-304 -267 3
267 304 3
-267 226 3
-226 267 3
226 438 3
-438 -226 3
438 -370 3
370 -438 3
-370 625 3
-625 370 3
625 -310 3
310 -625 3
-310 548 3
-548 310 3
548 -186 3
186 -548 3
-186 -619 3
619 186 3
-619 218 3
-218 619 3
218 -620 3
620 -218 3
-620 -232 3
232 620 3
-232 449 3
-449 232 3
449 -411 3
411 -449 3
-411 516 3
-516 411 3
516 -440 3
440 -516 3
-440 293 3
-293 440 3
293 116 3
-116 -293 3
116 145 3
-145 -116 3
145 207 3
-207 -145 3
207 -426 3
426 -207 3
-426 335 3
-335 426 3
335 -534 3
534 -335 3
-534 -483 3
483 534 3
-483 631 3
-631 483 3
631 -478 3
478 -631 3
-478 -486 3
486 478 3
-486 -496 3
496 486 3
-496 597 3
-597 496 3
597 -345 3
345 -597 3
-345 382 3
-382 345 3
382 -410 3
410 -382 3
-410 -658 3
658 410 3
-658 334 3
-334 658 3
334 -103 3
103 -334 3
-103 -327 3
327 103 3
-327 204 3
-204 327 3
204 259 3
-259 -204 3
494 378 3
-378 -494 3
378 -644 3
644 -378 3
-644 -177 3
177 644 3
-177 -255 3
255 177 3
-326 -481 3
481 326 3
-481 189 3
-189 481 3
189 191 3
-191 -189 3
191 319 3
-319 -191 3
319 -162 3
162 -319 3
-162 308 3
-308 162 3
308 -268 3
268 -308 3
-268 469 3
-469 268 3
469 -294 3
294 -469 3
-294 547 3
-547 294 3
-358 -407 3
407 358 3
-407 -184 3
184 407 3
-184 -497 3
497 184 3
-497 -466 3
466 497 3
-466 -292 3
292 466 3
-292 654 3
-654 292 3
654 -375 3
375 -654 3
-375 354 3
-354 375 3
354 459 3
-459 -354 3
459 -472 3
472 -459 3
-472 224 3
-224 472 3
224 -384 3
384 -224 3
-384 480 3
-480 384 3
480 592 3
-592 -480 3
592 367 3
-367 -592 3
367 143 3
-143 -367 3
143 -485 3
485 -143 3
-485 -257 3
257 485 3
-257 315 3
-315 257 3
315 -668 3
668 -315 3
-668 -463 3
463 668 3
-463 544 3
-544 463 3
544 -621 3
621 -544 3
-129 -429 3
429 129 3
-429 -517 3
517 429 3
-517 518 3
-518 517 3
518 -424 3
424 -518 3
-424 525 3
-525 424 3
525 -113 3
113 -525 3
-113 -413 3
413 113 3
-413 183 3
-183 413 3
183 138 3
-138 -183 3
138 238 3
-238 -138 3
238 -215 3
215 -238 3
528 414 3
-414 -528 3
414 -448 3
448 -414 3
-448 132 3
-132 448 3
132 -447 3
447 -132 3
-447 330 3
-330 447 3
330 -655 3
655 -330 3
-655 -250 3
250 655 3
-250 -112 3
112 250 3
-112 -119 3
119 112 3
-119 -541 3
541 119 3
-541 -542 3
542 541 3
-542 124 3
-124 542 3
-348 352 3
-352 348 3
352 -172 3
172 -352 3
-172 149 3
-149 172 3
-360 178 3
-178 360 3
178 -531 3
531 -178 3
-531 176 3
-176 531 3
176 279 3
-279 -176 3
279 -248 3
248 -279 3
645 -437 3
437 -645 3
-437 -599 3
599 437 3
-599 271 3
-271 599 3
271 -299 3
299 -271 3
-299 -355 3
355 299 3
-355 -353 3
353 355 3
-353 -369 3
369 353 3
-369 -363 3
363 369 3
-363 373 3
-373 363 3
373 -450 3
450 -373 3
-450 371 3
-371 450 3
371 -491 3
491 -371 3
-491 596 3
-596 491 3
596 -325 3
325 -596 3
-325 432 3
-432 325 3
432 -281 3
281 -432 3
-281 439 3
-439 281 3
439 -322 3
322 -439 3
-322 309 3
-309 322 3
-628 -173 3
173 628 3
-173 -142 3
142 173 3
-142 -595 3
595 142 3
428 -342 3
342 -428 3
-342 -128 3
128 342 3
-128 197 3
-197 128 3
197 566 3
-566 -197 3
566 -510 3
510 -566 3
-510 236 3
-236 510 3
236 379 3
-379 -236 3
379 -477 3
477 -379 3
-477 -666 3
666 477 3
-445 135 3
-135 445 3
135 -383 3
383 -135 3
-458 -336 3
336 458 3
-336 179 3
-179 336 3
179 -514 3
514 -179 3
-514 -553 3
553 514 3
-553 199 3
-199 553 3
199 -552 3
552 -199 3
-552 493 3
-493 552 3
493 -639 3
639 -493 3
-639 -328 3
328 639 3
-328 647 3
-647 328 3
647 -573 3
573 -647 3
-573 -300 3
300 573 3
-300 150 3
-150 300 3
150 -396 3
396 -150 3
-396 351 3
-351 396 3
351 441 3
-441 -351 3
441 -456 3
456 -441 3
-456 160 3
-160 456 3
160 -431 3
431 -160 3
-431 538 3
-538 431 3
538 374 3
-374 -538 3
374 366 3
-366 -374 3
366 -614 3
614 -366 3
-614 -329 3
329 614 3
-329 343 3
-343 329 3
511 -397 3
397 -511 3
-397 -229 3
229 397 3
-229 -368 3
368 229 3
-368 165 3
-165 368 3
165 -185 3
185 -165 3
-185 312 3
-312 185 3
312 -144 3
144 -312 3
-144 246 3
-246 144 3
246 -202 3
202 -246 3
-202 289 3
-289 202 3
289 122 3
-122 -289 3
122 -217 3
217 -122 3
-217 665 3
-665 217 3
665 -121 3
121 -665 3
-121 221 3
-221 121 3
221 357 3
-357 -221 3
357 194 3
-194 -357 3
194 -615 3
615 -194 3
-615 -211 3
211 615 3
-211 -377 3
377 211 3
-377 -443 3
443 377 3
-443 140 3
-140 443 3
140 -210 3
210 -140 3
-210 301 3
-301 210 3
301 -560 3
560 -301 3
-560 158 3
-158 560 3
158 -287 3
287 -158 3
-287 252 3
-252 287 3
252 -404 3
404 -252 3
-404 586 3
-586 404 3
586 273 3
-273 -586 3
590 474 3
-474 -590 3
474 -359 3
359 -474 3
-359 520 3
-520 359 3
-603 395 3
-395 603 3
395 340 3
-340 -395 3
-543 -131 3
131 543 3
-131 549 3
-549 131 3
549 284 3
-284 -549 3
284 212 3
-212 -284 3
212 -115 3
115 -212 3
188 137 3
-137 -188 3
137 -195 3
195 -137 3
-195 508 3
-508 195 3
508 -503 3
503 -508 3
-503 -392 3
392 503 3
-392 -662 3
662 392 3
-662 283 3
-283 662 3
283 -260 3
260 -283 3
-260 -457 3
457 260 3
-457 297 3
-297 457 3
297 -537 3
537 -297 3
-537 155 3
-155 537 3
155 -130 3
130 -155 3
-130 551 3
-551 130 3
-649 -593 3
593 649 3
-169 401 3
-401 169 3
401 -318 3
318 -401 3
-318 235 3
-235 318 3
235 -108 3
108 -235 3
-108 -545 3
545 108 3
-545 669 3
-669 545 3
216 164 3
-164 -216 3
-100 -611 3
611 100 3
578 107 3
-107 -578 3
107 -168 3
168 -107 3
-168 152 3
-152 168 3
152 -500 3
500 -152 3
-500 286 3
-286 500 3
286 558 3
-558 -286 3
558 -114 3
114 -558 3
-114 274 3
-274 114 3
274 -512 3
512 -274 3
-512 535 3
-535 512 3
535 576 3
-576 -535 3
576 171 3
-171 -576 3
171 -667 3
667 -171 3
-667 230 3
-230 667 3
230 -233 3
233 -230 3
-233 436 3
-436 233 3
436 -285 3
285 -436 3
-285 570 3
-570 285 3
570 339 3
-339 -570 3
339 -521 3
521 -339 3
-521 540 3
-540 521 3
540 -167 3
167 -540 3
-167 258 3
-258 167 3
-499 423 3
-423 499 3
423 648 3
-648 -423 3
648 -393 3
393 -648 3
-393 -607 3
607 393 3
-607 118 3
-118 607 3
118 -454 3
454 -118 3
-454 127 3
-127 454 3
127 -146 3
146 -127 3
-146 -105 3
105 146 3
-105 166 3
-166 105 3
166 364 3
-364 -166 3
364 -484 3
484 -364 3
-484 341 3
-341 484 3
341 -196 3
196 -341 3
-196 256 3
-256 196 3
256 332 3
-332 -256 3
332 -237 3
237 -332 3
-237 -141 3
141 237 3
-141 -320 3
320 141 3
-320 307 3
-307 320 3
307 380 3
-380 -307 3
380 -663 3
663 -380 3
-663 419 3
-419 663 3
419 -604 3
604 -419 3
-604 356 3
-356 604 3
356 -635 3
635 -356 3
-635 461 3
-461 635 3
651 -303 3
303 -651 3
-303 567 3
-567 303 3
567 -227 3
227 -567 3
-227 -609 3
609 227 3
-609 470 3
-470 609 3
470 -637 3
637 -470 3
-637 444 3
-444 637 3
444 -418 3
418 -444 3
-418 -523 3
523 418 3
-523 422 3
-422 523 3
422 -564 3
564 -422 3
-564 376 3
-376 564 3
376 606 3
-606 -376 3
-506 -192 3
192 506 3
-192 -161 3
161 192 3
-161 584 3
-584 161 3
577 624 3
-624 -577 3
624 -266 3
266 -624 3
-266 636 3
-636 266 3
636 498 3
-498 -636 3
498 -524 3
524 -498 3
-524 -222 3
222 524 3
-222 -630 3
630 222 3
-630 568 3
-568 630 3
568 -190 3
190 -568 3
-190 180 3
-180 190 3
180 109 3
-109 -180 3
109 -417 3
417 -109 3
-417 291 3
-291 417 3
291 612 3
-612 -291 3
612 -482 3
482 -612 3
-482 -465 3
465 482 3
-465 -660 3
660 465 3
-660 555 3
-555 660 3
555 -420 3
420 -555 3
-420 -509 3
509 420 3
-509 -263 3
263 509 3
-263 446 3
-446 263 3
446 -265 3
265 -446 3
-265 -442 3
442 265 3
-442 302 3
-302 442 3
302 571 3
-571 -302 3
571 -225 3
225 -571 3
-225 241 3
-241 225 3
241 245 3
-245 -241 3
245 409 3
-409 -245 3
409 -476 3
476 -409 3
-476 -633 3
633 476 3
-633 -295 3
295 633 3
-295 -206 3
206 295 3
-206 504 3
-504 206 3
504 -507 3
507 -504 3
-507 640 3
-640 507 3
640 -556 3
556 -640 3
-556 -479 3
479 556 3
-479 344 3
-344 479 3
344 -209 3
209 -344 3
-209 -565 3
565 209 3
-565 270 3
-270 565 3
270 136 3
-136 -270 3
136 -331 3
331 -136 3
-331 554 3
-554 331 3
554 -389 3
389 -554 3
-389 157 3
-157 389 3
157 -605 3
605 -157 3
-605 -333 3
333 605 3
-333 104 3
-104 333 3
104 -276 3
276 -104 3
-276 123 3
-123 276 3
123 -505 3
505 -123 3
-505 214 3
-214 505 3
214 427 3
-427 -214 3
427 641 3
-641 -427 3
641 282 3
-282 -641 3
282 -659 3
659 -282 3
-659 139 3
-139 659 3
139 337 3
-337 -139 3
337 -261 3
261 -337 3
-261 -151 3
151 261 3
-151 234 3
-234 151 3
234 -634 3
634 -234 3
-634 421 3
-421 634 3
-381 -546 3
546 381 3
-546 -323 3
323 546 3
-323 361 3
-361 323 3
361 278 3
-278 -361 3
278 -223 3
223 -278 3
-223 -159 3
159 223 3
-159 562 3
-562 159 3
562 -515 3
515 -562 3
610 -187 3
187 -610 3
-187 -133 3
133 187 3
-133 -156 3
156 133 3
-156 467 3
-467 156 3
467 -251 3
251 -467 3
-251 473 3
-473 251 3
473 -239 3
239 -473 3
-239 182 3
-182 239 3
182 -262 3
262 -182 3
-262 -220 3
220 262 3
-220 349 3
-349 220 3
349 -240 3
240 -349 3
-240 583 3
-583 240 3
583 -388 3
388 -583 3
-388 385 3
-385 388 3
385 -574 3
574 -385 3
-574 -277 3
277 574 3
-582 -600 3
600 582 3
-600 -468 3
468 600 3
-468 264 3
-264 468 3
264 -390 3
390 -264 3
-390 -488 3
488 390 3
-488 650 3
-650 488 3
650 -249 3
249 -650 3
-249 228 3
-228 249 3
228 -527 3
527 -228 3
-527 -530 3
530 527 3
-530 306 3
-306 530 3
306 -408 3
408 -306 3
-408 125 3
-125 408 3
125 -174 3
174 -125 3
-174 579 3
-579 174 3
579 598 3
-598 -579 3
598 -213 3
213 -598 3
-213 208 3
-208 213 3
208 -585 3
585 -208 3
-585 613 3
-613 585 3
613 296 3
-296 -613 3
296 622 3
-622 -296 3
622 317 3
-317 -622 3
317 -147 3
147 -317 3
-147 464 3
-464 147 3
464 -575 3
575 -464 3
-575 -398 3
398 575 3
-398 405 3
-405 398 3
-594 -539 3
539 594 3
-539 526 3
-526 539 3
526 -243 3
243 -526 3
-243 181 3
-181 243 3
181 -471 3
471 -181 3
-471 452 3
-452 471 3
452 -244 3
244 -452 3
-244 533 3
-533 244 3
533 -550 3
550 -533 3
-550 -201 3
201 550 3
-201 311 3
-311 201 3
311 -387 3
387 -311 3
-387 519 3
-519 387 3
313 559 2
-559 -313 2
242 -338 2
338 -242 2
254 120 2
-120 -254 2
-148 -170 2
170 148 2
402 629 2
-629 -402 2
106 664 2
-664 -106 2
563 321 2
-321 -563 2
321 193 2
-193 -321 2
547 -358 2
358 -547 2
-621 -129 2
129 621 2
-215 528 2
-528 215 2
149 -360 2
360 -149 2
-248 -602 2
602 248 2
-602 645 2
-645 602 2
309 -628 2
628 -309 2
-595 428 2
-428 595 2
-666 -445 2
445 666 2
343 511 2
-511 -343 2
520 81 2
-81 -520 2
81 -603 2
603 -81 2
340 -543 2
543 -340 2
-115 188 2
-188 115 2
551 -649 2
649 -551 2
-593 -169 2
169 593 2
164 -100 2
100 -164 2
461 651 2
-651 -461 2
606 -506 2
506 -606 2
584 577 2
-577 -584 2
421 -381 2
381 -421 2
519 205 2
-205 -519 2
205 -416 2
416 -205 2
-383 451 2
-451 383 2
451 -458 2
458 -451 2
259 494 1
-494 -259 1
-255 -326 1
326 255 1
124 -348 1
348 -124 1
-383 -451 1
451 383 1
-451 -458 1
458 451 1
273 590 1
-590 -273 1
669 216 1
-216 -669 1
-611 578 1
-578 611 1
258 -499 1
499 -258 1
-515 610 1
-610 515 1
-277 -582 1
582 277 1
405 -594 1
594 -405 1
-277 255 1
-255 277 1
-611 -259 1
259 611 1
669 578 1
-578 -669 1
326 216 1
-216 -326 1
326 -259 1
259 -326 1
-321 664 1
-664 321 1
563 -106 1
106 -563 1
273 -603 1
603 -273 1
551 593 1
-593 -551 1
649 -169 1
169 -649 1
-494 -582 1
582 494 1
