1: 578 107 -168 152 -500 286 558 -114 274 -512 535 576 171 -667 230 -233 436 -285 570 339 -521 540 -167 258 
2: -273 -586 404 -252 287 -158 560 -301 210 -140 443 377 211 615 -194 -357 -221 121 -665 217 -122 -289 202 -246 144 -312 185 -165 368 229 397 -511 -343 329 614 -366 -374 -538 431 -160 456 -441 -351 396 -150 300 573 -647 328 639 -493 552 -199 553 514 -179 336 458 -451 383 -135 445 666 477 -379 -236 510 -566 -197 128 342 -428 595 142 173 628 -309 322 -439 281 -432 325 -596 491 -371 450 -373 363 369 353 355 299 -271 599 437 -645 602 248 -279 -176 531 -178 360 -149 172 -352 348 
3: 277 574 -385 388 -583 240 -349 220 262 -182 239 -473 251 -467 156 133 187 -610 
4: 590 474 -359 520 81 -603 395 340 -543 -131 549 284 212 -115 188 137 -195 508 -503 -392 -662 283 -260 -457 297 -537 155 -130 551 -649 -593 -169 401 -318 235 -108 -545 669 
5: -326 -481 189 191 319 -162 308 -268 469 -294 547 -358 -407 -184 -497 -466 -292 654 -375 354 459 -472 224 -384 480 592 367 143 -485 -257 315 -668 -463 544 -621 -129 -429 -517 518 -424 525 -113 -413 183 138 238 -215 528 414 -448 132 -447 330 -655 -250 -112 -119 -541 -542 124 
6: -582 -600 -468 264 -390 -488 650 -249 228 -527 -530 306 -408 125 -174 579 598 -213 208 -585 613 296 622 317 -147 464 -575 -398 405 
7: 494 378 -644 -177 -255 
8: 611 100 -164 -216 
9: -499 423 648 -393 -607 118 -454 127 -146 -105 166 364 -484 341 -196 256 332 -237 -141 -320 307 380 -663 419 -604 356 -635 461 651 -303 567 -227 -609 470 -637 444 -418 -523 422 -564 376 606 -506 -192 -161 584 577 624 -266 636 498 -524 -222 -630 568 -190 180 109 -417 291 612 -482 -465 -660 555 -420 -509 -263 446 -265 -442 302 571 -225 241 245 409 -476 -633 -295 -206 504 -507 640 -556 -479 344 -209 -565 270 136 -331 554 -389 157 -605 -333 104 -276 123 -505 214 427 641 282 -659 139 337 -261 -151 234 -634 421 -381 -546 -323 361 278 -223 -159 562 -515 
10: -259 -204 327 103 -334 658 410 -382 345 -597 496 486 478 -631 483 534 -335 426 -207 -145 -116 -293 440 -516 411 -449 232 620 -218 619 186 -548 310 -625 370 -438 -226 267 304 -561 316 415 -522 569 -231 126 453 -175 305 -661 -475 -425 557 253 -391 288 -350 400 -134 -642 -193 -321 -563 -664 -106 -280 -581 -502 626 -632 117 -314 -529 412 433 -490 -347 653 -617 -489 -346 652 -616 638 -430 111 -601 -629 -402 170 148 -495 -587 198 -247 -200 656 -120 -254 110 455 -153 338 -242 365 -290 203 -618 -559 -313 580 623 -154 416 -205 -519 387 -311 201 550 -533 244 -452 471 -181 243 -526 539 594 
